[[ -2.6656e-01   3.9409e-01   9.7488e-02   1.9100e-01   2.6853e-03
   -4.3796e-01   6.1340e-02  -1.1168e-01   5.2783e-02  -2.9774e-02
   -4.7845e-02   3.6204e-02  -1.1492e-02  -5.1399e-02  -4.4078e-02
    7.0587e-02  -2.5294e-02  -4.3026e-02   1.1664e-02  -5.4432e-04]
 [ -9.5315e-02  -1.5868e-01  -1.4618e-01   2.8530e-02   1.3201e-02
   -3.7425e-02  -1.6844e-02  -2.9837e-02   2.2780e-02   6.0617e-02
   -8.5821e-02  -1.5162e-02  -5.9109e-02  -9.8826e-02  -6.4155e-02
    2.0706e-02  -3.8736e-01  -1.4453e-01  -1.7780e-01  -4.5672e-01]
 [ -1.4717e-01  -9.2281e-02  -2.3034e-01  -8.2439e-02   1.4678e-01
   -1.7619e-01  -1.5619e-01   1.2193e-01  -1.0427e-01   4.4269e-01
   -1.1054e-01   5.6423e-02  -1.2686e-01   8.8757e-03  -1.2209e-01
   -5.4095e-02   2.2335e-01   1.0629e-01   5.7501e-04   2.6166e-02]
 [ -2.2502e-01   2.7863e-01  -1.2005e-01   7.6789e-02  -2.2137e-01
    3.3774e-01  -4.0037e-01   3.1917e-02   4.2806e-02  -6.9269e-03
    4.6351e-02  -4.4232e-03  -1.0781e-01  -9.6829e-02   1.2018e-02
   -2.0456e-02  -2.3643e-02   2.0367e-02  -1.3897e-02   1.5944e-02]
 [ -1.6399e-01  -5.1792e-02  -7.6821e-02   1.5141e-01   7.7411e-02
    6.7777e-02  -6.4093e-04  -1.1877e-01  -6.0854e-02   7.7260e-02
   -1.2720e-01  -3.3428e-01   3.8434e-01  -4.1054e-02   3.0642e-01
    7.9342e-02   1.3635e-01   6.9628e-02  -2.8819e-02  -7.3807e-02]
 [ -2.0404e-01   9.9407e-02   2.0712e-02   1.0412e-01   3.2058e-01
    2.3107e-01   1.4014e-01  -7.5255e-02   1.0922e-02   5.2049e-02
    7.4956e-02   1.2158e-01   1.2049e-02   3.4238e-01  -3.7034e-03
   -2.9770e-01  -1.9989e-02  -1.5400e-01  -4.5442e-02  -1.7968e-02]
 [ -1.8930e-01  -7.3840e-02   3.6013e-01  -4.0456e-02  -1.2948e-01
    6.6295e-02   1.1290e-01   2.8338e-01   2.9163e-01   3.0613e-01
    1.0160e-01  -8.2096e-02   7.4794e-02  -1.2230e-02  -9.1456e-03
    6.2188e-02  -8.3752e-02  -5.9548e-03  -1.8844e-04   2.4352e-02]
 [ -1.6000e-01  -1.8241e-01   1.3381e-01   2.1086e-01   2.6575e-01
    1.1993e-01   2.8688e-02  -2.3390e-02  -1.0538e-01  -8.4750e-02
    1.9389e-01   1.4392e-01  -1.9566e-01  -2.7700e-01   1.6565e-02
    2.8054e-01   1.3053e-01   2.4305e-02  -6.3803e-02   9.7841e-03]
 [ -1.1751e-04  -2.1123e-04   4.3475e-05  -5.0310e-04  -6.0604e-04
   -8.1640e-04  -1.1076e-03  -3.6983e-04  -2.2942e-04   1.3089e-04
    5.5786e-04   4.2628e-04   7.1258e-04  -5.5941e-05   3.4071e-04
    2.8712e-04  -5.5500e-04  -6.9494e-04  -7.7656e-04  -2.1874e-03]
 [ -1.1751e-04  -2.1123e-04   4.3475e-05  -5.0310e-04  -6.0604e-04
   -8.1640e-04  -1.1076e-03  -3.6983e-04  -2.2942e-04   1.3089e-04
    5.5786e-04   4.2628e-04   7.1258e-04  -5.5941e-05   3.4071e-04
    2.8712e-04  -5.5500e-04  -6.9494e-04  -7.7656e-04  -2.1874e-03]
 [ -1.1751e-04  -2.1123e-04   4.3475e-05  -5.0310e-04  -6.0604e-04
   -8.1640e-04  -1.1076e-03  -3.6983e-04  -2.2942e-04   1.3089e-04
    5.5786e-04   4.2628e-04   7.1258e-04  -5.5941e-05   3.4071e-04
    2.8712e-04  -5.5500e-04  -6.9494e-04  -7.7656e-04  -2.1874e-03]
 [ -1.1751e-04  -2.1123e-04   4.3475e-05  -5.0310e-04  -6.0604e-04
   -8.1640e-04  -1.1076e-03  -3.6983e-04  -2.2942e-04   1.3089e-04
    5.5786e-04   4.2628e-04   7.1258e-04  -5.5941e-05   3.4071e-04
    2.8712e-04  -5.5500e-04  -6.9494e-04  -7.7656e-04  -2.1874e-03]
 [ -1.1751e-04  -2.1123e-04   4.3475e-05  -5.0310e-04  -6.0604e-04
   -8.1640e-04  -1.1076e-03  -3.6983e-04  -2.2942e-04   1.3089e-04
    5.5786e-04   4.2628e-04   7.1258e-04  -5.5941e-05   3.4071e-04
    2.8712e-04  -5.5500e-04  -6.9494e-04  -7.7656e-04  -2.1874e-03]
 [ -1.1751e-04  -2.1123e-04   4.3475e-05  -5.0310e-04  -6.0604e-04
   -8.1640e-04  -1.1076e-03  -3.6983e-04  -2.2942e-04   1.3089e-04
    5.5786e-04   4.2628e-04   7.1258e-04  -5.5941e-05   3.4071e-04
    2.8712e-04  -5.5500e-04  -6.9494e-04  -7.7656e-04  -2.1874e-03]
 [ -1.1751e-04  -2.1123e-04   4.3475e-05  -5.0310e-04  -6.0604e-04
   -8.1640e-04  -1.1076e-03  -3.6983e-04  -2.2942e-04   1.3089e-04
    5.5786e-04   4.2628e-04   7.1258e-04  -5.5941e-05   3.4071e-04
    2.8712e-04  -5.5500e-04  -6.9494e-04  -7.7656e-04  -2.1874e-03]
 [ -1.1751e-04  -2.1123e-04   4.3475e-05  -5.0310e-04  -6.0604e-04
   -8.1640e-04  -1.1076e-03  -3.6983e-04  -2.2942e-04   1.3089e-04
    5.5786e-04   4.2628e-04   7.1258e-04  -5.5941e-05   3.4071e-04
    2.8712e-04  -5.5500e-04  -6.9494e-04  -7.7656e-04  -2.1874e-03]
 [ -1.1751e-04  -2.1123e-04   4.3475e-05  -5.0310e-04  -6.0604e-04
   -8.1640e-04  -1.1076e-03  -3.6983e-04  -2.2942e-04   1.3089e-04
    5.5786e-04   4.2628e-04   7.1258e-04  -5.5941e-05   3.4071e-04
    2.8712e-04  -5.5500e-04  -6.9494e-04  -7.7656e-04  -2.1874e-03]
 [ -1.1751e-04  -2.1123e-04   4.3475e-05  -5.0310e-04  -6.0604e-04
   -8.1640e-04  -1.1076e-03  -3.6983e-04  -2.2942e-04   1.3089e-04
    5.5786e-04   4.2628e-04   7.1258e-04  -5.5941e-05   3.4071e-04
    2.8712e-04  -5.5500e-04  -6.9494e-04  -7.7656e-04  -2.1874e-03]
 [ -1.1751e-04  -2.1123e-04   4.3475e-05  -5.0310e-04  -6.0604e-04
   -8.1640e-04  -1.1076e-03  -3.6983e-04  -2.2942e-04   1.3089e-04
    5.5786e-04   4.2628e-04   7.1258e-04  -5.5941e-05   3.4071e-04
    2.8712e-04  -5.5500e-04  -6.9494e-04  -7.7656e-04  -2.1874e-03]
 [ -1.1751e-04  -2.1123e-04   4.3475e-05  -5.0310e-04  -6.0604e-04
   -8.1640e-04  -1.1076e-03  -3.6983e-04  -2.2942e-04   1.3089e-04
    5.5786e-04   4.2628e-04   7.1258e-04  -5.5941e-05   3.4071e-04
    2.8712e-04  -5.5500e-04  -6.9494e-04  -7.7656e-04  -2.1874e-03]
 [ -1.1751e-04  -2.1123e-04   4.3475e-05  -5.0310e-04  -6.0604e-04
   -8.1640e-04  -1.1076e-03  -3.6983e-04  -2.2942e-04   1.3089e-04
    5.5786e-04   4.2628e-04   7.1258e-04  -5.5941e-05   3.4071e-04
    2.8712e-04  -5.5500e-04  -6.9494e-04  -7.7656e-04  -2.1874e-03]
 [ -1.1751e-04  -2.1123e-04   4.3475e-05  -5.0310e-04  -6.0604e-04
   -8.1640e-04  -1.1076e-03  -3.6983e-04  -2.2942e-04   1.3089e-04
    5.5786e-04   4.2628e-04   7.1258e-04  -5.5941e-05   3.4071e-04
    2.8712e-04  -5.5500e-04  -6.9494e-04  -7.7656e-04  -2.1874e-03]
 [ -1.1751e-04  -2.1123e-04   4.3475e-05  -5.0310e-04  -6.0604e-04
   -8.1640e-04  -1.1076e-03  -3.6983e-04  -2.2942e-04   1.3089e-04
    5.5786e-04   4.2628e-04   7.1258e-04  -5.5941e-05   3.4071e-04
    2.8712e-04  -5.5500e-04  -6.9494e-04  -7.7656e-04  -2.1874e-03]
 [ -1.1751e-04  -2.1123e-04   4.3475e-05  -5.0310e-04  -6.0604e-04
   -8.1640e-04  -1.1076e-03  -3.6983e-04  -2.2942e-04   1.3089e-04
    5.5786e-04   4.2628e-04   7.1258e-04  -5.5941e-05   3.4071e-04
    2.8712e-04  -5.5500e-04  -6.9494e-04  -7.7656e-04  -2.1874e-03]
 [ -1.1751e-04  -2.1123e-04   4.3475e-05  -5.0310e-04  -6.0604e-04
   -8.1640e-04  -1.1076e-03  -3.6983e-04  -2.2942e-04   1.3089e-04
    5.5786e-04   4.2628e-04   7.1258e-04  -5.5941e-05   3.4071e-04
    2.8712e-04  -5.5500e-04  -6.9494e-04  -7.7656e-04  -2.1874e-03]
 [ -1.1751e-04  -2.1123e-04   4.3475e-05  -5.0310e-04  -6.0604e-04
   -8.1640e-04  -1.1076e-03  -3.6983e-04  -2.2942e-04   1.3089e-04
    5.5786e-04   4.2628e-04   7.1258e-04  -5.5941e-05   3.4071e-04
    2.8712e-04  -5.5500e-04  -6.9494e-04  -7.7656e-04  -2.1874e-03]
 [ -1.1751e-04  -2.1123e-04   4.3475e-05  -5.0310e-04  -6.0604e-04
   -8.1640e-04  -1.1076e-03  -3.6983e-04  -2.2942e-04   1.3089e-04
    5.5786e-04   4.2628e-04   7.1258e-04  -5.5941e-05   3.4071e-04
    2.8712e-04  -5.5500e-04  -6.9494e-04  -7.7656e-04  -2.1874e-03]
 [ -1.1751e-04  -2.1123e-04   4.3475e-05  -5.0310e-04  -6.0604e-04
   -8.1640e-04  -1.1076e-03  -3.6983e-04  -2.2942e-04   1.3089e-04
    5.5786e-04   4.2628e-04   7.1258e-04  -5.5941e-05   3.4071e-04
    2.8712e-04  -5.5500e-04  -6.9494e-04  -7.7656e-04  -2.1874e-03]
 [ -1.6399e-01  -5.1792e-02  -7.6821e-02   1.5141e-01   7.7411e-02
    6.7777e-02  -6.4093e-04  -1.1877e-01  -6.0854e-02   7.7260e-02
   -1.2720e-01  -3.3428e-01   3.8434e-01  -4.1054e-02   3.0642e-01
    7.9342e-02   1.3635e-01   6.9628e-02  -2.8819e-02  -7.3807e-02]
 [ -2.6656e-01   3.9409e-01   9.7488e-02   1.9100e-01   2.6853e-03
   -4.3796e-01   6.1340e-02  -1.1168e-01   5.2783e-02  -2.9774e-02
   -4.7845e-02   3.6204e-02  -1.1492e-02  -5.1399e-02  -4.4078e-02
    7.0587e-02  -2.5294e-02  -4.3026e-02   1.1664e-02  -5.4432e-04]
 [ -9.1515e-02  -1.6220e-01  -8.8048e-02   3.9229e-02  -1.4927e-02
   -3.6211e-02   6.7343e-03  -1.1801e-01   4.3888e-02   2.0142e-02
   -1.2846e-01  -4.1504e-02  -4.8300e-02  -7.4296e-02   4.8677e-02
   -5.6332e-02  -2.5698e-01  -8.2608e-02  -2.7234e-01   5.0944e-01]
 [ -9.5315e-02  -1.5868e-01  -1.4618e-01   2.8530e-02   1.3201e-02
   -3.7425e-02  -1.6844e-02  -2.9837e-02   2.2780e-02   6.0617e-02
   -8.5821e-02  -1.5162e-02  -5.9109e-02  -9.8826e-02  -6.4155e-02
    2.0706e-02  -3.8736e-01  -1.4453e-01  -1.7780e-01  -4.5672e-01]
 [ -2.2502e-01   2.7863e-01  -1.2005e-01   7.6789e-02  -2.2137e-01
    3.3774e-01  -4.0037e-01   3.1917e-02   4.2806e-02  -6.9269e-03
    4.6351e-02  -4.4232e-03  -1.0781e-01  -9.6829e-02   1.2018e-02
   -2.0456e-02  -2.3643e-02   2.0367e-02  -1.3897e-02   1.5944e-02]
 [ -2.0404e-01   9.9407e-02   2.0712e-02   1.0412e-01   3.2058e-01
    2.3107e-01   1.4014e-01  -7.5255e-02   1.0922e-02   5.2049e-02
    7.4956e-02   1.2158e-01   1.2049e-02   3.4238e-01  -3.7034e-03
   -2.9770e-01  -1.9989e-02  -1.5400e-01  -4.5442e-02  -1.7968e-02]
 [ -1.1637e-01  -1.6598e-01   1.5562e-01  -5.2782e-02  -3.9374e-02
   -1.4994e-01  -9.3560e-02   4.7879e-04   3.0623e-02  -1.4613e-01
    4.3226e-02  -7.0765e-02  -1.2975e-01  -2.2315e-01   1.9582e-01
   -4.9011e-01   1.2574e-01  -2.5352e-02   4.3230e-02  -8.0296e-02]
 [ -1.2292e-01  -1.6049e-01   1.2235e-01  -9.7833e-03  -1.9429e-01
   -2.9515e-02  -1.1835e-01  -9.0531e-02  -1.0567e-01   1.1612e-02
   -1.2595e-01   5.1298e-01   2.4183e-01   8.8510e-02   1.4277e-01
    2.4582e-02  -2.5936e-02   6.0314e-02   2.5375e-02  -2.4588e-02]
 [ -1.1161e-01  -1.3350e-01  -9.4667e-02   7.1843e-02   3.0880e-02
    3.9726e-02   2.2141e-02  -9.1934e-02   1.2858e-02   2.5895e-02
   -4.0984e-02  -3.8293e-02  -3.4914e-03  -7.1856e-02  -7.7877e-02
    7.4801e-03  -1.8696e-01  -9.4473e-02   6.1274e-01   9.7481e-02]
 [ -1.1721e-01  -1.2234e-01   7.4941e-02   8.6602e-03  -9.2489e-02
    3.6948e-02  -3.3075e-02  -1.7987e-01  -3.9615e-02  -8.7106e-02
    5.6283e-02  -9.0491e-02   2.4768e-01  -6.1345e-02  -5.4948e-01
   -9.9087e-02   1.2510e-01   3.4315e-02  -8.9539e-02   1.5323e-03]
 [ -1.8930e-01  -7.3840e-02   3.6013e-01  -4.0456e-02  -1.2948e-01
    6.6295e-02   1.1290e-01   2.8338e-01   2.9163e-01   3.0613e-01
    1.0160e-01  -8.2096e-02   7.4794e-02  -1.2230e-02  -9.1456e-03
    6.2188e-02  -8.3752e-02  -5.9548e-03  -1.8844e-04   2.4352e-02]
 [ -1.6173e-01   6.4422e-02   3.9262e-02  -4.3820e-01   2.6000e-01
    7.4590e-02  -4.7261e-02  -7.0596e-03   2.2267e-01  -1.9995e-01
   -2.9205e-01   3.5185e-02   3.2786e-02  -8.3486e-02  -2.4033e-02
    1.1744e-01   4.4814e-02  -5.5616e-03   1.0624e-02  -4.5580e-03]
 [ -1.6000e-01  -1.8241e-01   1.3381e-01   2.1086e-01   2.6575e-01
    1.1993e-01   2.8688e-02  -2.3390e-02  -1.0538e-01  -8.4750e-02
    1.9389e-01   1.4392e-01  -1.9566e-01  -2.7700e-01   1.6565e-02
    2.8054e-01   1.3053e-01   2.4305e-02  -6.3803e-02   9.7841e-03]
 [ -1.4134e-01  -1.0492e-01  -3.5793e-01   2.1355e-02  -1.4508e-01
   -7.2517e-02   1.3153e-01   2.2109e-01   1.9138e-01  -1.7530e-01
    1.4316e-01   9.4459e-02   1.0039e-01   2.5361e-02   2.3581e-02
    6.2607e-02   2.1809e-01  -2.9579e-01  -2.3468e-02   1.9406e-02]
 [ -1.1091e-01  -9.2646e-02   1.7773e-02  -2.7030e-01  -7.4218e-03
   -1.4624e-01  -2.0380e-01  -2.7243e-01   1.5275e-03   2.4949e-02
    3.9060e-01  -1.2343e-01  -5.1373e-02   2.3902e-01   9.9760e-02
    1.5905e-01  -3.9270e-02  -5.8542e-02   4.8682e-03   2.1389e-03]
 [ -1.4717e-01  -9.2281e-02  -2.3034e-01  -8.2439e-02   1.4678e-01
   -1.7619e-01  -1.5619e-01   1.2193e-01  -1.0427e-01   4.4269e-01
   -1.1054e-01   5.6423e-02  -1.2686e-01   8.8757e-03  -1.2209e-01
   -5.4095e-02   2.2335e-01   1.0629e-01   5.7501e-04   2.6166e-02]
 [ -1.7482e-01   1.4344e-01  -5.6320e-02  -2.9792e-01  -1.7044e-01
    1.0832e-01   3.6109e-01  -3.2627e-02  -3.7079e-01   8.0173e-02
    7.6494e-02   2.6008e-03  -2.4640e-02  -1.7312e-01   4.5735e-02
   -2.6823e-02  -2.9596e-02  -2.2880e-02  -9.1475e-03   7.6674e-03]
 [ -1.6462e-01  -6.3708e-02   1.0080e-01   1.0696e-02   4.7468e-02
   -8.4028e-02  -1.3525e-01   3.9434e-01  -3.4856e-01  -2.4216e-01
   -6.5949e-02  -1.4958e-01   1.3661e-02   2.1247e-01  -4.7530e-02
    4.7608e-02  -1.2697e-01  -1.1951e-02   1.1455e-02   4.8301e-02]
 [ -1.3072e-01  -1.3949e-01   6.5005e-02   7.6786e-02  -2.5282e-01
    7.3298e-02   1.4927e-01  -1.5806e-01   3.9048e-02  -5.4294e-02
   -2.8160e-01  -1.1388e-01  -3.5103e-01   2.5770e-01  -6.1591e-03
    1.0049e-01   1.8511e-01   3.3481e-02   2.1703e-04  -6.9939e-02]
 [ -1.4560e-01  -4.2613e-02  -1.9667e-01   1.3095e-02   1.1401e-02
   -3.0249e-02   1.4698e-01   4.9436e-02   1.4674e-01  -1.4259e-01
    1.3895e-01   3.1352e-02  -9.7323e-03   6.3304e-02   7.8186e-03
   -6.1636e-02  -1.4256e-01   5.6781e-01   5.1582e-03  -1.2789e-02]
 [ -1.5226e-03  -3.4640e-03  -2.8414e-04  -3.5676e-03  -6.7661e-03
   -2.5445e-03  -4.4415e-03  -9.6866e-03  -1.6983e-03  -2.3793e-03
    5.1512e-03   3.3111e-03   2.5959e-03   5.6215e-04  -2.0981e-03
    1.6317e-03  -3.1012e-04  -1.5018e-03   4.2152e-04  -7.3346e-04]
 [ -1.5732e-03  -3.9041e-03  -1.1775e-03  -3.9700e-03  -4.6728e-03
   -5.4770e-03  -5.6874e-03  -5.3301e-03  -1.2669e-03  -1.6036e-03
    3.7692e-03   5.3048e-03   4.2968e-03   1.7937e-03   1.5337e-03
    2.1998e-03  -1.1835e-03  -3.1968e-03  -3.5298e-03  -9.7617e-03]
 [ -1.6173e-01   6.4422e-02   3.9262e-02  -4.3820e-01   2.6000e-01
    7.4590e-02  -4.7261e-02  -7.0596e-03   2.2267e-01  -1.9995e-01
   -2.9205e-01   3.5185e-02   3.2786e-02  -8.3486e-02  -2.4033e-02
    1.1744e-01   4.4814e-02  -5.5616e-03   1.0624e-02  -4.5580e-03]
 [ -1.2292e-01  -1.6049e-01   1.2235e-01  -9.7833e-03  -1.9429e-01
   -2.9515e-02  -1.1835e-01  -9.0531e-02  -1.0567e-01   1.1612e-02
   -1.2595e-01   5.1298e-01   2.4183e-01   8.8510e-02   1.4277e-01
    2.4582e-02  -2.5936e-02   6.0314e-02   2.5375e-02  -2.4588e-02]
 [ -1.1161e-01  -1.3350e-01  -9.4667e-02   7.1843e-02   3.0880e-02
    3.9726e-02   2.2141e-02  -9.1934e-02   1.2858e-02   2.5895e-02
   -4.0984e-02  -3.8293e-02  -3.4914e-03  -7.1856e-02  -7.7877e-02
    7.4801e-03  -1.8696e-01  -9.4473e-02   6.1274e-01   9.7481e-02]
 [ -1.7482e-01   1.4344e-01  -5.6320e-02  -2.9792e-01  -1.7044e-01
    1.0832e-01   3.6109e-01  -3.2627e-02  -3.7079e-01   8.0173e-02
    7.6494e-02   2.6008e-03  -2.4640e-02  -1.7312e-01   4.5735e-02
   -2.6823e-02  -2.9596e-02  -2.2880e-02  -9.1475e-03   7.6674e-03]
 [ -1.4134e-01  -1.0492e-01  -3.5793e-01   2.1355e-02  -1.4508e-01
   -7.2517e-02   1.3153e-01   2.2109e-01   1.9138e-01  -1.7530e-01
    1.4316e-01   9.4459e-02   1.0039e-01   2.5361e-02   2.3581e-02
    6.2607e-02   2.1809e-01  -2.9579e-01  -2.3468e-02   1.9406e-02]
 [ -1.1637e-01  -1.6598e-01   1.5562e-01  -5.2782e-02  -3.9374e-02
   -1.4994e-01  -9.3560e-02   4.7879e-04   3.0623e-02  -1.4613e-01
    4.3226e-02  -7.0765e-02  -1.2975e-01  -2.2315e-01   1.9582e-01
   -4.9011e-01   1.2574e-01  -2.5352e-02   4.3230e-02  -8.0296e-02]
 [ -9.1515e-02  -1.6220e-01  -8.8048e-02   3.9229e-02  -1.4927e-02
   -3.6211e-02   6.7343e-03  -1.1801e-01   4.3888e-02   2.0142e-02
   -1.2846e-01  -4.1504e-02  -4.8300e-02  -7.4296e-02   4.8677e-02
   -5.6332e-02  -2.5698e-01  -8.2608e-02  -2.7234e-01   5.0944e-01]
 [ -1.1721e-01  -1.2234e-01   7.4941e-02   8.6602e-03  -9.2489e-02
    3.6948e-02  -3.3075e-02  -1.7987e-01  -3.9615e-02  -8.7106e-02
    5.6283e-02  -9.0491e-02   2.4768e-01  -6.1345e-02  -5.4948e-01
   -9.9087e-02   1.2510e-01   3.4315e-02  -8.9539e-02   1.5323e-03]
 [ -1.4560e-01  -4.2613e-02  -1.9667e-01   1.3095e-02   1.1401e-02
   -3.0249e-02   1.4698e-01   4.9436e-02   1.4674e-01  -1.4259e-01
    1.3895e-01   3.1352e-02  -9.7323e-03   6.3304e-02   7.8186e-03
   -6.1636e-02  -1.4256e-01   5.6781e-01   5.1582e-03  -1.2789e-02]
 [ -1.1091e-01  -9.2646e-02   1.7773e-02  -2.7030e-01  -7.4218e-03
   -1.4624e-01  -2.0380e-01  -2.7243e-01   1.5275e-03   2.4949e-02
    3.9060e-01  -1.2343e-01  -5.1373e-02   2.3902e-01   9.9760e-02
    1.5905e-01  -3.9270e-02  -5.8542e-02   4.8682e-03   2.1389e-03]
 [ -1.6462e-01  -6.3708e-02   1.0080e-01   1.0696e-02   4.7468e-02
   -8.4028e-02  -1.3525e-01   3.9434e-01  -3.4856e-01  -2.4216e-01
   -6.5949e-02  -1.4958e-01   1.3661e-02   2.1247e-01  -4.7530e-02
    4.7608e-02  -1.2697e-01  -1.1951e-02   1.1455e-02   4.8301e-02]
 [ -1.3072e-01  -1.3949e-01   6.5005e-02   7.6786e-02  -2.5282e-01
    7.3298e-02   1.4927e-01  -1.5806e-01   3.9048e-02  -5.4294e-02
   -2.8160e-01  -1.1388e-01  -3.5103e-01   2.5770e-01  -6.1591e-03
    1.0049e-01   1.8511e-01   3.3481e-02   2.1703e-04  -6.9939e-02]]
